((("download" .
   [0 0 0 1 0 0 0 0])
  ("toDataURL" .
   [0 0 0 0 1 0 0 0 0])
  ("それ以外のブラウザー" .
   [0 0 0 0 0 0 0 0 0 1])
  ("msSaveBlob" .
   [0 0 0 1 0 0 0 0 0 0])
  ("navigator" .
   [1 0 0 0 0 0 0 0 0])
  ("msToBlobを使用できるブラウザ" .
   [1 0 0 0 0 0 0 0 0 0 0 0 0 0 0 0 0 0])
  ("ファイル名を入力してください" .
   [1 0 0 0 0 0 0 0 0 0 0 0 0 0])
  ("画像を名前をつけて保存" .
   [1 0 0 0 0 0 0 0 0 0 0])
  ("PI*2" .
   [1 0 0 0])
  ("blur" .
   [1 0 0 0])
  ("addColorStop" .
   [0 0 0 0 1 0 0 0 0 0 0 0])
  ("createRadialGradient" .
   [0 0 0 0 1 0 0 0 0 0 0 0 0 0 0 0 0 0 0 0])
  ("sin" .
   [1 0 0])
  ("none" .
   [1 0 0 0])
  ("filter" .
   [2 0 0 0 0 0])
  ("+b+" .
   [1 0 0])
  ("+g+" .
   [1 0 0])
  ("+r+" .
   [1 0 0])
  ("grad" .
   [5 0 0 0])
  ("cy" .
   [4 0])
  ("cx" .
   [4 0])
  ("index+2" .
   [1 0 0 0 0 0 0])
  ("index+1" .
   [1 0 0 0 0 0 0])
  ("tIndex" .
   [0 0 1 0 0 0])
  ("data" .
   [3 0 0 0])
  ("newImageData" .
   [0 0 0 0 2 0 0 0 0 0 0 0])
  ("+Math" .
   [1 0 0 0 0])
  ("pow" .
   [2 0 0])
  ("sqrt" .
   [1 0 0 0])
  ("dy" .
   [3 0])
  ("dx" .
   [3 0])
  ("キャンバスサイズの変更" .
   [0 0 0 0 0 1 0 0 0 0 0])
  ("getImageData" .
   [0 0 0 0 2 0 0 0 0 0 0 0])
  ("drawRotateImage" .
   [0 0 0 0 0 2 0 0 0 0 0 0 0 0 0])
  ("drawSoratama" .
   [0 0 0 0 0 0 1 0 0 0 0 0])
  ("描画または画面上から復活" .
   [0 0 1 0 0 0 0 0 0 0 0 0])
  ("画像の読み込み" .
   [1 0 0 0 0 0 0])
  ("画像を保存する" .
   [1 0 0 0 0 0 0])
  ("宙玉風加工" .
   [0 0 1 0 0])
  ("HTML入門" .
   [2 0 0 0 0 0])
  ("gcd" .
   [2 0 0])
  ("drawing" .
   [1 0 0 0 0 0 0])
  ("clearInterval" .
   [0 0 0 0 0 0 1 1 0 0 0 0 0])
  ("stroke" .
   [2 0 0 0 0 0])
  ("lineTo" .
   [1 0 0 0 0 0])
  ("moveTo" .
   [1 0 0 0 0 0])
  ("strokeStyle" .
   [1 0 0 0 0 0 0 1 0 0 0])
  ("rc-rm" .
   [1 0 0 0 0])
  ("cos" .
   [1 0 0])
  ("angle" .
   [3 0 0 0 0])
  ("disabled" .
   [0 0 1 1 0 1 0 0])
  ("setInterval" .
   [1 0 0 0 0 1 0 0 0 0 0])
  ("linecolor" .
   [2 0 0 0 0 0 0 0 0])
  ("laps" .
   [2 0 0 1])
  ("spiro" .
   [1 0 0 0 0])
  ("補正したブラウザのサイズをセット" .
   [1 0 0 0 0 0 0 0 0 0 0 0 0 0 0 0])
  ("キャンバスのサイズを設定" .
   [1 0 0 0 0 0 0 0 0 0 0 0])
  ("キャンバスの取得" .
   [3 0 0 0 0 0 0 0])
  ("initCanvas" .
   [1 0 0 0 1 1 0 0 0 0])
  ("step" .
   [2 0 0 0])
  ("timer" .
   [8 0 0 0 0])
  ("変数" .
   [1 0])
  ("script" .
   [0 0 2 0 1 0])
  ("spirograph" .
   [1 0 0 0 0 0 0 1 0 0])
  ("hr" .
   [3 0])
  ("span" .
   [1 0 0 0])
  ("number" .
   [1 0 0 0 0 0])
  ("form" .
   [4 0 0 0])
  ("halftone" .
   [1 0 0 0 0 0 0 0])
  ("onclick" .
   [3 0 0 0 0 0 0])
  ("二値化加工" .
   [0 0 0 1 0])
  ("png" .
   [6 0 0])
  ("blob" .
   [4 0 0 0])
  ("window" .
   [6 0 0 0 0 0])
  ("msToBlob" .
   [0 0 7 0 0 0 0 0])
  ("filename" .
   [9 0 0 0 0 1 0 0])
  ("index" .
   [5 0 0 0 0])
  ("maxY" .
   [1 0 0 0])
  ("maxX" .
   [1 0 0 0])
  ("x+size" .
   [0 0 1 0 0 0])
  ("getColorAverage" .
   [0 0 0 0 0 0 0 0 1 0 0 0 0 0 0])
  ("tile" .
   [1 0 0 0])
  ("rgba" .
   [2 0 0 0])
  ("imageData" .
   [4 0 0 0 0 4 2 0 0])
  ("clearRect" .
   [0 0 2 0 0 1 1 0 0])
  ("dot" .
   [2 0 0])
  ("shape" .
   [2 0 0 1 0])
  ("value" .
   [3 0 0 0 0])
  ("Number" .
   [0 0 0 1 0 0])
  ("binarization" .
   [1 0 1 0 0 0 0 0 0 0 0 0])
  ("drawImage" .
   [1 0 0 0 4 2 0 0 0])
  ("html" .
   [5 0 0 0])
  ("-1" .
   [3 0])
  ("border-bottom" .
   [0 0 0 0 0 0 0 0 0 1 1 0 0])
  ("margin-top" .
   [0 0 0 0 0 0 0 0 1 0])
  ("100px" .
   [1 0 0 0 0])
  ("margin-bottom" .
   [0 0 0 0 0 0 0 1 0 0 0 0 0])
  ("20px" .
   [2 0 0 0])
  ("black" .
   [0 0 0 2 0])
  ("border-top" .
   [0 0 0 0 0 0 0 2 0 0])
  ("fadeIn" .
   [0 0 0 0 1 0])
  ("44px" .
   [1 0 0 0])
  ("768px" .
   [1 0 0 0 0])
  ("media" .
   [1 0 0 0 0])
  ("fxnav" .
   [2 0 0 0 0])
  ("fxheader" .
   [2 0 0 0 0 0 0 0])
  ("block" .
   [1 0 1 1 0])
  ("ccc" .
   [1 0 0])
  ("padding" .
   [1 0 0 0 2 0 0])
  ("20%" .
   [1 0 0])
  ("200px" .
   [2 0 0 0 0])
  ("auto" .
   [2 0 0 0])
  ("fixed" .
   [0 0 1 1 0])
  ("slideDown" .
   [2 0 0 0 0 0 0 0 0])
  ("true" .
   [6 0 0 0])
  ("close-quote" .
   [0 0 0 0 0 1 0 0 0 0 0])
  ("alias" .
   [1 0 0 0 0])
  ("both" .
   [0 1 0 0])
  ("function" .
   [2 0 1 0 1 0 0 0])
  ("constructor" .
   [0 0 0 0 1 0 0 0 0 0 0])
  ("close" .
   [1 0 0 0 0])
  ("btn" .
   [5 0 0])
  ("getElementById" .
   [0 0 20 1 1 0 0 0 0 0 1 0 0 0])
  ("correctCount" .
   [0 0 0 0 2 0 0 0 0 0 0 0])
  ("level" .
   [2 0 0 0 0])
  ("class" .
   [1 0 0 0 0])
  ("className" .
   [0 0 0 0 0 1 1 0 0])
  ("addEventListener" .
   [0 0 0 2 1 0 0 0 0 0 0 0 0 0 0 0])
  ("init" .
   [3 0 0 1])
  ("stage" .
   [7 0 0 0 0])
  ("firstChild" .
   [0 0 0 0 0 1 0 1 0 0])
  ("removeChild" .
   [0 0 0 1 2 0 1 0 0 0 0])
  ("canvas" .
   [22 0 44 1 0 1])
  ("ctx" .
   [9 0 0])
  ("document" .
   [2 0 23 7 1 0 0 0])
  ("getContext" .
   [4 0 0 0 2 0 0 0 0 0])
  ("false" .
   [3 0 0 0 0])
  ("rand" .
   [11 0 0 1])
  ("min" .
   [4 0 0])
  ("max" .
   [6 0 0])
  ("floor" .
   [7 0 0 0 0])
  ("random" .
   [7 0 0 0 0 0])
  ("Ball" .
   [6 0 0 0])
  ("color" .
   [2 0 1 0 0])
  ("draw" .
   [7 0 1 1])
  ("beginPath" .
   [2 0 1 0 0 1 1 0 0])
  ("arc" .
   [2 0 0])
  ("PI" .
   [5 0])
  ("fillStyle" .
   [2 0 0 0 0 1 0 1 0])
  ("closePath" .
   [1 0 0 0 0 0 0 0 0])
  ("fill" .
   [3 0 1 0])
  ("ball" .
   [4 0 0 0])
  ("vx" .
   [3 0])
  ("vy" .
   [3 0])
  ("move" .
   [3 0 0 0])
  ("update" .
   [5 0 0 0 0 0])
  ("fillRect" .
   [1 0 0 0 0 0 0 0])
  ("width" .
   [26 0 9 5 0])
  ("height" .
   [25 0 5 4 0 0])
  ("balls" .
   [4 0 0 0 0])
  ("rect" .
   [3 0 0 0])
  ("left" .
   [8 1 0 0])
  ("id" .
   [15 0])
  ("adjustPosition" .
   [0 0 0 0 0 0 1 0 0 0 0 0 0 0])
  ("pos" .
   [3 0 0])
  ("Stage" .
   [2 0 0 0 0])
  ("clear" .
   [1 0 0 0 0])
  ("prototype" .
   [0 0 0 0 0 1 0 0 0])
  ("body" .
   [8 0 1 2])
  ("sakura" .
   [7 0 0 0 0 0])
  ("createElement" .
   [0 0 0 1 0 1 0 2 0 0 0 0 0])
  ("appendChild" .
   [1 0 5 3 0 0 0 0 0 0 0])
  ("absolute" .
   [4 0 1 0 0 0 0 0])
  ("100%" .
   [8 0 0 0])
  ("box-shadow" .
   [0 0 0 0 1 0 0 0 0 0])
  ("faa" .
   [1 0 0])
  ("position" .
   [2 0 1 1 2 0 0 0])
  ("rotate" .
   [2 0 0 0 0 0])
  ("mksakura" .
   [3 0 0 0 0 0 0 0])
  ("requestAnimationFrame" .
   [0 0 0 0 0 0 0 1 0 0 0 0 0 0 0 0 0 0 0 0 0])
  ("style" .
   [4 0 0 1 0])
  ("animate" .
   [2 0 0 0 0 0 0])
  ("transform" .
   [2 0 0 0 0 0 0 0 0])
  ("translate3d" .
   [1 0 0 0 0 0 0 0 0 0 0])
  ("duration" .
   [2 0 0 0 0 0 0 0])
  ("direction" .
   [2 0 0 0 0 0 0 0 0])
  ("iterations" .
   [1 0 0 1 0 0 0 0 0 0])
  ("Infinity" .
   [0 0 1 0 0 0 0 0])
  ("event" .
   [21 1 1 2 0])
  ("opacity" .
   [0 0 1 1 0 0 0])
  ("const" .
   [1 0 0 0 0])
  ("rx" .
   [2 0])
  ("ry" .
   [2 0])
  ("rz" .
   [2 0])
  ("background" .
   [0 0 7 2 1 0 0 0 0 0])
  ("font-size" .
   [0 0 0 1 0 0 0 0 0])
  ("text-align" .
   [0 0 0 0 0 1 1 0 0 0])
  ("center" .
   [1 0 0 1 0 0])
  ("50%" .
   [1 0 0])
  ("border" .
   [4 0 0 1 0 0])
  ("solid" .
   [3 0 2 0 0])
  ("navy" .
   [1 0 0 0])
  ("gray" .
   [0 0 1 0])
  ("box" .
   [1 0 0])
  ("when" .
   [1 0 0 0])
  ("window-system" .
   [0 0 0 0 0 0 1 0 0 0 0 0 0])
  ("context" .
   [11 0 19 5 2 0 0])
  ("image" .
   [29 0 4 4 0])
  ("IMAGE_URL" .
   [0 0 0 1 0 0 0 0 0])
  ("drawPuzzle" .
   [0 0 0 0 1 0 0 0 0 0])
  ("tiles" .
   [4 0 1 0 0])
  ("initTiles" .
   [0 0 0 0 1 0 0 0 0])
  ("row" .
   [6 0 0])
  ("ROW_COUNT" .
   [0 0 1 0 0 0 0 0 0])
  ("col" .
   [5 0 0])
  ("COL_COUNT" .
   [0 0 2 0 0 0 0 0 0])
  ("width*height" .
   [1 0 0 0 0 0 2 0 0 0 0 0])
  ("i++" .
   [4 0 0])
  ("var" .
   [78 0 0])
  ("piece" .
   [8 0 0 1 0])
  ("piece_" .
   [4 0 0 0 0 0])
  ("+i" .
   [6 0])
  ("pieceArea" .
   [0 0 0 0 0 1 5 0 0])
  ("for" .
   [8 0 0])
  ("Math" .
   [18 0 2 0])
  ("piece_i" .
   [3 0 0 0 0 0 0])
  ("clone_i" .
   [1 0 0 0 0 0 0])
  ("piece_j" .
   [2 0 0 0 0 0 0])
  ("status" .
   [9 0 1 1 0 1])
  ("start" .
   [2 0 0 0 0])
  ("innerHTML" .
   [1 0 0 0 0 6 0 0 0])
  ("masu_" .
   [2 0 0 0 0])
  ("ready" .
   [2 0 0 0 0])
  ("dragPiece" .
   [0 0 0 0 0 0 1 0 0])
  ("text" .
   [2 0 0 0])
  ("dropPiece" .
   [0 0 0 0 2 0 0 0 0])
  ("dataTransfer" .
   [0 0 0 0 1 0 0 0 0 0 0 0])
  ("if" .
   [17 0])
  ("target" .
   [5 0 2 0 0 0])
  ("else" .
   [9 0 0 0])
  ("length" .
   [1 0 0 0 0 0])
  ("parentElement" .
   [0 0 2 0 0 0 0 0 0 0 0 0 0])
  ("dragOverPiece" .
   [0 0 0 0 1 0 0 0 0 1 0 0 0])
  ("checkPiece" .
   [0 0 0 0 0 1 0 0 0 0])
  ("check" .
   [2 0 0 0 0])
  ("return" .
   [3 0 0 0 0 0])
  ("div" .
   [7 0 0])
  ("backgroundSize" .
   [0 0 0 0 1 0 0 0 0 0 0 0 0 0])
  ("imageArea" .
   [0 0 0 0 0 0 2 0 0])
  ("button" .
   [4 0 1 0 0 1])
  ("float" .
   [1 0 0 0 0])
  ("onload" .
   [6 0 1 0 0 0])
  ("setPieces" .
   [1 0 0 0 0 1 0 0 0])
  ("ジグソーパズル" .
   [1 0 0 0 0 0 0])
  ("files" .
   [2 0 0 0 2])
  ("loadImage" .
   [0 0 0 0 4 0 0 0 0])
  ("this" .
   [3 0 0 0])
  ("input" .
   [6 0 3 1 0])
  ("size" .
   [16 0 1 0])
  ("size_4x3" .
   [1 0 0 0 0 0 0 0])
  ("checked" .
   [1 0 0 0 0 0 0])
  ("shufflePieces" .
   [0 0 0 1 0 0 0 0 0 0 0 0 0])
  ("ondragover" .
   [1 0 0 0 0 0 0 0 0 0])
  ("ondrop" .
   [1 0 0 0 0 0])
  ("---" .
   [1 0 0])
  ("type" .
   [1 0 0 0])
  ("file" .
   [2 0 0 1])
  ("accept" .
   [0 0 0 2 0 0])
  ("jpeg" .
   [1 0 0 0])
  ("onChange" .
   [0 0 0 1 0 1 0 0])
  ("br" .
   [2 0])
  ("onClick" .
   [1 0 0 0 0 0 0])
  ("save" .
   [1 0 0 0])
  ("trimCanvas" .
   [0 0 0 0 4 4 0 0 0 0])
  ("thin" .
   [2 0 0 0])
  ("CCCCCC" .
   [3 0 0 0 0 0])
  ("wrapper" .
   [0 0 0 1 0 0 0])
  ("baseCanvas" .
   [0 0 0 0 7 0 0 0 0 0])
  ("drawCanvas" .
   [0 0 0 0 4 6 1 0 0 0])
  ("cursor" .
   [1 0 0 0 0 0])
  ("default" .
   [1 0 0 0 0 0 0])
  ("top" .
   [4 0 0])
  ("z-index" .
   [0 0 1 0 0 0 0])
  ("img" .
   [8 0 0])
  ("new" .
   [2 0 0])
  ("Image" .
   [0 0 1 1 0])
  ("mouseDown" .
   [1 0 0 0 0 2 1 0 0])
  ("baseContext" .
   [0 0 0 0 0 0 2 0 0 0 0])
  ("drawCanvasRect" .
   [0 0 0 0 0 0 0 0 0 0 0 3 0 0])
  ("getBoundingClientRect" .
   [0 0 0 0 1 0 0 0 0 0 0 0 0 0 0 0 0 0 0 0 0])
  ("loadPicture" .
   [0 0 0 0 0 1 0 0 0 0 0])
  ("URL" .
   [2 0 0])
  ("createObjectURL" .
   [0 0 0 0 0 0 1 1 0 0 0 0 0 0 0])
  ("src" .
   [2 0 0])
  ("fileurl" .
   [1 0 0 0 0 0 0])
  ("startTrim" .
   [0 0 0 0 0 0 1 0 0])
  ("マウスボタンが押されたか" .
   [0 0 0 0 0 0 0 0 0 0 0 1])
  ("drawContext" .
   [0 0 0 0 0 0 5 0 0 0 0])
  ("始点をセット" .
   [1 0 0 0 0 0])
  ("startX" .
   [4 0 0 0 0 0])
  ("clientX" .
   [1 0 0 0 0 1 0])
  ("startY" .
   [4 0 0 0 0 0])
  ("clientY" .
   [2 0 0 0 0 0 0])
  ("drawTrim" .
   [0 0 0 0 0 1 0 0])
  ("終点をセット" .
   [1 0 0 0 0 0])
  ("endX" .
   [3 0 0 0])
  ("endY" .
   [4 0 0 0])
  ("null" .
   [4 0 0 0])
  ("drawRect" .
   [0 0 0 0 0 2 0 0])
  ("dashOffset" .
   [0 0 1 1 2 0 0 0 0 0])
  ("white" .
   [0 0 1 0 0])
  ("endTrim" .
   [0 0 0 0 1 0 0])
  ("マウスボタンが放された" .
   [1 0 0 0 0 0 0 0 0 0 0])
  ("trimImage" .
   [0 0 0 0 0 1 0 0 0])
  ("trimX" .
   [4 0 0 0 0])
  ("trimY" .
   [4 0 0 0 0])
  ("endX-startX" .
   [0 0 0 0 0 1 0 0 0 0 0])
  ("endY-startY" .
   [1 0 0 0 0 0 0 0 0 0 0])
  ("dw" .
   [3 0])
  ("dh" .
   [2 0])
  ("round" .
   [1 0 0 0 0])
  ("trimWidth" .
   [2 0 0 0 0 3 0 0 0])
  ("trimHeight" .
   [3 0 0 0 0 2 0 0 0 0])
  ("trimContext" .
   [0 0 0 0 0 0 2 0 0 0 0])
  ("saveImage" .
   [0 0 0 0 2 1 0 0 0])
  ("t" .
   [1])
  ("prompt" .
   [2 0 0 0 0 0])
  ("trimData" .
   [0 0 0 0 0 0 1 0])
  ("px" .
   [1 0])
  ("clearImage" .
   [1 0 0 0 0 0 0 0 0 0])
  ("IE" .
   [1 0])
  ("a" .
   [1])
  ("href" .
   [2 0 0 0])
  ("click" .
   [2 0 0 0 0])
  ("trimArea" .
   [0 0 0 0 0 1 0 0])))
